img/img1.jpg 1 470 144 140 143
img/img2.jpg 1 472 138 136 144
img/img3.jpg 1 473 144 139 136
img/img4.jpg 1 790 151 146 152
img/img5.jpg 1 789 152 139 153
img/img6.jpg 1 927 237 155 160
img/img7.jpg 1 923 239 158 161
img/img8.jpg 1 460 437 181 179
img/img9.jpg 1 696 547 195 191
img/img10.jpg 1 243 328 169 172
img/img11.jpg 1 418 277 157 164
img/img12.jpg 1 519 149 141 153
img/img13.jpg 1 527 2 115 126
img/img14.jpg 1 304 14 122 136
img/img15.jpg 1 285 276 161 169
img/img16.jpg 1 285 277 165 162
img/img17.jpg 1 810 258 158 172
img/img18.jpg 1 810 257 159 168
img/img19.jpg 1 479 580 198 159
img/img20.jpg 1 467 468 180 186
img/img21.jpg 1 692 430 182 188
img/img22.jpg 1 620 427 160 150
img/img23.jpg 1 247 231 133 136
img/img24.jpg 1 345 182 130 140
img/img25.jpg 1 329 535 168 173
img/img26.jpg 1 762 472 172 171
img/img27.jpg 1 828 186 126 139
img/img28.jpg 1 629 157 132 135
img/img29.jpg 1 483 456 168 164
img/img30.jpg 1 265 371 159 153
img/img31.jpg 1 740 301 144 150
img/img32.jpg 1 413 59 119 116
img/img33.jpg 1 413 60 114 117
img/img34.jpg 1 875 67 121 134
img/img35.jpg 1 978 27 113 116
img/img36.jpg 1 269 35 113 109
img/img64.jpg 2 514 269 146 155 811 380 151 160
img/img65.jpg 2 516 272 144 153 813 386 151 161
img/img66.jpg 2 485 277 159 159 905 343 156 155
img/img67.jpg 2 979 146 123 125 246 499 188 182
img/img68.jpg 2 371 445 173 179 980 144 125 136
img/img69.jpg 2 468 171 138 140 1026 420 158 160
img/img70.jpg 2 791 244 131 140 592 203 139 157
img/img71.jpg 2 590 204 141 152 792 238 132 142
img/img75.jpg 2 451 107 129 131 640 501 170 156
img/img76.jpg 2 641 498 171 148 445 108 131 125
img/img77.jpg 2 450 107 126 121 643 489 166 169
img/img83.jpg 1 847 316 134 161
img/img84.jpg 1 305 145 117 126
img/img85.jpg 1 306 142 113 131
img/img86.jpg 1 687 90 110 131
img/img87.jpg 1 605 541 159 180
img/img88.jpg 1 604 544 155 180
img/img89.jpg 1 1038 589 179 152
img/img90.jpg 1 909 374 139 154
img/img91.jpg 1 246 133 118 124
img/img92.jpg 1 339 125 113 132
img/img93.jpg 2 340 128 113 132 883 397 182 189
img/img94.jpg 1 376 18 98 114
img/img95.jpg 1 831 38 110 110
img/img96.jpg 1 831 34 110 107
img/img97.jpg 2 835 35 104 117 508 18 114 118
img/img98.jpg 2 452 141 138 135 924 443 162 169
img/img99.jpg 1 450 142 141 135
img/img100.jpg 1 554 463 174 190
img/img101.jpg 1 1017 355 164 183
img/img102.jpg 1 1014 366 169 169
img/img103.jpg 1 152 259 157 161
img/img104.jpg 1 288 266 149 148
img/img105.jpg 1 326 16 121 124
img/img106.jpg 1 324 16 123 120
img/img107.jpg 1 665 11 125 116
img/img108.jpg 1 710 167 152 142
img/img109.jpg 1 903 437 202 192
img/img110.jpg 1 320 523 207 186
img/img111.jpg 1 325 519 203 191
img/img128.jpg 1 500 115 145 142
img/img139.jpg 1 463 362 162 174
img/img140.jpg 1 869 344 174 171
img/img141.jpg 1 662 53 132 122
img/img142.jpg 1 942 277 164 165
img/img143.jpg 1 495 439 192 180
img/img144.jpg 1 803 297 173 181
img/img145.jpg 1 591 254 128 147
img/img146.jpg 1 959 257 130 150
img/img147.jpg 1 305 412 154 161
img/img148.jpg 1 827 343 151 158
img/img149.jpg 1 351 223 126 136
img/img150.jpg 1 789 143 114 136
img/img151.jpg 1 563 478 159 175
img/img152.jpg 1 975 205 130 158
img/img153.jpg 2 594 91 132 143 376 319 139 149
img/img154.jpg 2 666 227 115 132 832 198 141 155
img/img155.jpg 2 798 213 119 136 339 360 160 170
img/img156.jpg 2 449 179 144 148 914 333 145 168
img/img157.jpg 2 669 116 140 144 396 341 147 158
img/img158.jpg 2 675 119 130 142 391 349 149 151
img/img159.jpg 2 670 117 135 141 396 352 153 151
img/img160.jpg 2 701 427 152 168 859 252 150 161
img/img161.jpg 2 858 249 148 161 700 439 156 165
img/img162.jpg 1 895 362 125 150
img/img163.jpg 1 882 360 147 157
img/img164.jpg 1 881 359 149 162
img/img165.jpg 1 880 363 153 160
img/img166.jpg 1 881 361 146 162
img/img167.jpg 1 762 330 144 166
img/img168.jpg 1 345 233 131 144
img/img169.jpg 1 720 172 114 141
img/img170.jpg 1 799 267 142 149
img/img171.jpg 1 248 205 132 132
img/img192.jpg 1 643 348 164 182
img/img193.jpg 1 645 347 152 177
img/img194.jpg 2 642 347 159 171 443 534 148 183
img/img195.jpg 2 438 540 163 179 284 222 145 180
img/img198.jpg 1 460 322 146 165
img/img199.jpg 1 352 349 160 182